10
[6266936558612750013432979116173389227486389443787656798641614065261124410413445972348657295834219744572499570411371209173536693712797457018426160884539397545823252935644975767408030908160487956432242200320287481277034232801239179547333615718782422684087831820766697512835804146722663407142185230215169142602083, 5341650140641185151268036489514529754166101103107711963767140491290864854504819281035879976321335550124615058846953030008764100018780199198186167603514695022235546926794390958286915659277554838583593942113094848335191337428264584622941740000773539071702329518929593506325148850385947223900687015677213245767566]
[489343156390570762583353060498263471677949445352897756464944057990133485823061760570842782982525967033130572280096840856128690740582844983528068303494545280868028357759519374713578079342480785850393163477238857869850794750804975842545721570238963477778151723187773956887800442674233091730696093052403331963714, 6478875283851153295570253796540376074416126347745969050813819296819063136862094820826103631026067110956514614284041017193257431726807848449545036565739425162259994927010103258071410675601479195322570873095626154390762924118748932601786888969082896339724712392468206684374631350605959130824154226280549715361590]
10
[4550051349889058173309351373836675948857906050209485774547782800514298729194844670555802441102382682863279112354121447208561768447895158898814189823221172815521246356403899979773387189515621665276020728407706706476429739698558265354642918364153106042389313862389004292271911088536284816713622554733496442779557, 4594572983376679085851729231832565330432349996467095201637636223947602312834009092426637643459601983981955580972451966199517544101107673730537266647937447482375830625722709675037732683621220302615826436810198860743353226517154058086179558776509711393682752133236016655213447051566643390103678692758897318196007]
[1350902231564584109644587269001827759176193557743566869828304091608931917213426451715780391732824158641767264978406046167263785558564108381603354867560687373474616337309133008902224529088497589567581257726014210973815409914694946566902954878994936468494694030369329833960119908650375126121872440270637865478469, 3500073509501497735306565794171160675714086646646835549704005495257981537614583599149028503281124076834764730017906429007098812433800302505108949554642127456258527397176252301438052821007748540858439304292967117358752203511148381484304945949172943613941916682802228097617446055523782908167110148961389370583124]
[3108330386388678024365994587586837527687176741716011906325710913957444117178379273390043813295501834114083738470800489229655609171025257515019103436098226623225346442529026206785440442814144505208537560887698950836223765397063085459956663019103994105665117115193941964194795349091550237320720485339018512079438, 7087553796626310197585478108707129141528336811640727461281497016203231113761207259440273022388835341815780838789810571802961341885829326288607113357547053207962008364851417468584334239901015988166481191159264871408810967274798827516636372452943410080460415668604518453348810553266341811269977642301179125187028]
[5356725976316201295903467889891068175646881476717241220914563209047482664515277859359528292381464321733211611640515214303149430647506943049931163311988860638410087725251782787758761746823238845359401265891257032114936290323774198627160595684432081134003996271733994277713217503906874680867869623857435369337891, 619141173220896342681644385936520203207258731413689253002122013425081138868469339285107915439802895160718891670095929872209233006160922475914466871212637515481131462621494638589935010664654963404187811861629124279603411495561262606111324102705307968603046790732376715454776638828045814883219024820925938633032]
[6812868410290690436610322755160594182246016226067027445203973779062829461360862266310378980701229067382983920542924519660574509416241423010495905925035355959924381230226355671544001912637776355579418021348377882228898204143331634757422299822090433482334337733623520562327118938178980974023322697379082218148992, 3960792231237751807087102920978631168538829813370130521736896581119819200302559727368975667342147299933808470123533887773022386690882000505754692250617445177363266772014089612051449642769796285328078560034395882671670733590795654152040065260723799940463762990452501541408240421222024466542292770801396187232075]
[1519782869796331122109332730053631569395679520200837218866893338201851197582887747770281524892639800341507668624643918835026620867442523560969467385909687920218618899186369852037114020703288007800144296681123366404889988955316436701053652493321528961995664844443917329703316499516136905367162731687949446256716, 5034130440829816165440119478942308978483410267694566036772367660354571597325988618387346377062687437382939456159648984755910071375884022417147624767667599076835067641450858202875622571997453120534481985602911924154040344025350115893364672051846602399009547835948588207138842416086727331788787628420044106135201]
[3097813396060169999449606172494774524198900692507846482113507257921773146845930734773431673605115799114908514137469166033669767865619940306404545398107114257363805239898154523725569308129650990951767913239092509846469219390891918894837829200557003487823147256378218963167757263760979853857211363951583017740799, 1607053459159511673397373091295354019539095815509791840919349844324609922579655918454262761064960500502515935949892026701073820629547425845744057072644162869711878940400246563137428384886879453655732669877757630360849960655269582133134476514930396402238578676490962988935222622253493574878782559978599574884497]
[3426470204402153856047358591648975276924929643366474513219107934705427608155088824249842270283321935583743812315858991576684815832400244698060823970889982208212562929322393789116998350418760675304548045187444632354818954148114875071718049732869707730770230084141376761117693943248249768310507492275308463001188, 3509279869983117806179390534026494081556696666904198319544086607519716842267785642361605282833700137860020079618661871806846404404469366551569403544403903195744468753315087176884502939556041473830549147026778801147028526293058637897124716841170028898066713907957959904147012107141290598699287324726896896369021]
[3119472403479129257987785800812300564050996497433945049778755021245133490831846800350556752868858720693908971307846325552709448465327063721674210831618691748602459705014745775461063212872845451914745574764787180179042632510083595443743310217805160126204106960890491413850105575446388244777918210606252812680174, 1616873779674673568245621836563464300469737650017872297601002603741999458971836527273153304835834955962301834692405449995963211442621183398923292936179143250977551890837420548852577278056821749430300249169680935901311136502713772526583252882124108370499879185640504857129316640626737070554337836940521318761681]
[4172443169203601069040994220428043848350014511088904621987802339057242286745324938387146169683964894841970049022738626357235794807920838325634130117428927986802685194377270518171621320519606244533584312739466081362296190339635166453557110468740581942891856371043052560510637722703097378303121950543426492003181, 4540433603169085866641184958533503743895153422855629848889608097711502309288285018601454218048955114208434125417764811879411308965638311987387545134284223649147638567461689996405375328608285911724131166891478536492656517965307349836593342535173467472987516165298021134016865104928708109312642467560582892241354]
[6951509977712434061778204797133681306101077980507948996108529002332858609447620079843384567531387707430478765630738956776391792441880487949553345434697132400661482065559745153210432531657823270524107711020788245144049576149609345433566382780853082512752652142622576014371327507060388491525203014578076111214123, 1673865217800455436214402908463057737644182456466997411318423677910796328543878442683988056054603583983686682105864211325362834529917277079487331450679127452930820008021538804468375415863245011876690207162604219825814705575538362044166328990656649126996388829179991690922584689311016113962228937294410601078809]
[685350085427458804719261319246188305047194550903613520440768820870800777622919137489760215999233877326063174519383468713166189183129191486974240816914748270870437123744118264067996260827094958264976308954131389852025704251795836365929834336599243839103462261130554760045263804963990613096864816595146235237345, 5676342240065926358298904592807006981553280686581687058068686717578420692416395621753431650742058363808956972383150241916078116300730572460426833701310092078103470079460307942246770115372009094366185259826104507176706944556460207914559157856156075495953271016333977488072185789177481375464710853471737053074510]
[5106189209364912293231020163267088445497741291667919855453774130196181739041622489689431458994442752849864970810753540731361435909616371184506481368933796619535190783621918647464139303319915538938820114201537645646206247536900415869115305383977024267149776706936556610291001852329048306847088570555430341308775, 2839167076268049503632888774724926931347162872069909735056170078199367223258289941814389186871373902173963560695518657271286752491704712429789885181640335270191034152301795728397227733580803960859188614393401501515592342746947560855900297637498146187439718739788696964710140777343588967949365246427972429657888]
[6871925160889144363888600611183577820824412757927668749707785226221323118740440375276690765420117030412486158195294113678247778352322013209829639464194416526598214424946047052777876358021305428110815858747689360950805827656864202850668670289091939474459762824425155766115972197196284012596894958811654447245205, 4588431738478953926375090343986648539957350725877683211387861320314175289700874880137502234674861757899551646978458133609790068489046981256436811446284099116618593605340590568555619246987543201091136711467538934685722114622922475044512210150351127071598603891522548281704737501642670255942335376577681895511954]
[4614587475548714193839675056818482353509503206924668694914835380785024502465731054178717011595367528887212342889623000408871169588209755800453584290976535009195235088247544374668608744868321643905085467129023819856665977872893868695010968447518286693932718500124262896785189731611397138825850800895492615738763, 4504164444912743532588542721423366049853527768765256322586830717013384432105023261660273822069887518124257299328759990400315574434565368563082334315236859763381571457259045477789407939341542134167808666805652995729444877975626260583129482784626401754798294618501825198909810239392077359805919885274412683437814]
[3561974655298730973286204023768167188542751981265646299135445399411526094982633732996450054682709127475595556191952923629362492120571438679342320441780184755948815229583596103465416610945350243937071673478033752142757177641300600385144239180308111614077397773157338179975406220728271045353631568878865139887623, 5311913221083915161195751291185545405394138105478967307755816626891997140750905375195184296597170788481657156261505701227581095781267195277150879706813541231809919681880277890565162540129811057208014819725924167922445910681792358919762622196728848807629095477595508495609540183439706981064979140468377780993394]
[3213939470987045095182049970145452915250769215765043452709267606771673444637333439375785620074008213172620665836543843160293498056226068409796982165750256742176268049002124785850647494339300222976177662798444833641088431391675637702844061716861593287799357993284023894008910930316463986483004375660844971084779, 3636847955607851896961447836587372057125044038566477217481205904167457569679079028563878016251694733242685230394158596070139487011115690692683990827964667141503136678026110720075415375375626644595042292243781978664709499908794213371683592289894797013348069074686691968305366059154831608749989946324796901005260]
[6321297292343998836312298409397498520095136094263664828755876912503679154952085437522969650987821307419899893293941793554812390908096555029544643515986653653203986252706569881001736654542882987859540169935919788228142302940366723918094628748659004917615760149667155844757124117745493385084209442772034666923920, 73839227291901606395142214463254803152530699720872427120248902308745651100186499545016199775142267665493701759943347824519701439195126116956995429591727842954929894907842736848033750008914361709145298498177404420326822720791409467176713636417043010490558342359145920336336532958080853556750971637445688761111]
[3148009798102025201911185290858706058487022365396043925532413629482832581875762665615743524740912800025061115524763240256521449886313614061097264432110466206224789047196015630257593733824356164000138582854761494300472971146394296026219095941985170143193357253777054613613301212047748010974686978809663013178967, 259753103382713601644258626445781930166687335804933988511470025765891060104706427546477020014481468348160796695478593780842932928175825818186740740200511084747005339646998054412046262553950912138834082550356588510141312561392195237005344163516208103674347997207083079127106122391339336557760802556580772005323]
[7218127929154716049849569104128526599785249632261437157162561963319023081632984134344158214553043231730734132432701724208983822064112666293152819014129984658502311797655753058420984110081942441611267617310910177558362587003971510283772859412392237951812258075888496396424122282272526072380875461596598735410424, 4093102850025207725357650192867394021505650449228879119301274224016623812005606858096079064925288402427329431964876191490736338855500475030358427410699590218854176500780585330333869836253129381414525483399024077830418066062495387551343113878789108671295260588174270998906252902827144169281248529149422345572342]
