[6073602251766124595648270950951951187210849529065605441871104428123321893442857001470222411977785083917248465372344894265436539347586812676384755345176443065397254632364601828050780548985260630934956402301350936954845825067324873883564769262846930886447637145449382236001713938041228015426010220716150800234812, 721515979241264292807652922568590543875941258279858215729001251937374932237389948955936752876889541887221175082281736928390204525844837255527637256481568332125929401608303283141865707016028456505783850058799169944172335660819095598289836999547478437838878844843298681953279043525175743411887634334915670883426]
[1334839395451004367441419760338376980486090002497711740191735593749373800253998230186510539412195493652712083403540703605869998682579687684238753376825599100818118258970658975967993411009718296580466749207710780730941448862746762054999429969568088736170259585245630049059835854193540714014440383912025200520092, 5070135201356698408045714366662250428854732037965003443550972496985815366113061979408920668689963761101024893151428217063243587220208549557353005306667414788444909548168393288439870879335096712552140510452689813338514534159510394233526348233767146649800636184064555208079369467386247783973444128303501041460519]
[7182450125536709844422806616961447313357166625322274332367902422659045384482963363460558755494376937512876310634730485548421064651396430591734690811302548850611319431031954878811215625685301761484978097775862645275963238637346594748031372319853782061792890097851530578167171183598357063248274701434290659544687, 2507069500911241691055897184495244104077109565248530486785892607938759465802198190587273217361412114744429561689216920020085305874332733731688962136986978146975397158843302601907703833020251183824038644436419218052276053005277908113548029528772747412196346021951881640648387319026625251719998529265242819933849]
[1720354236339001674497467331400179904341650004844751136068766991934241383817176463501921211950813531057114351479470329861130560469408369983028491533760204650191400146376223059451757314308163762896995701089284831851329506385721921102369490602370567441472928342554885144797817093345055315759353847080035395060575, 6455861929058807020543434695917083452685982400228737036383669678014508111918010331307747734865593775961034549120313299488801132990215639364003018514480454446372233507092736201859964511732052913231934834286545260840843513491751233995189186190034793947103922992368710097435522103406106072975707321278859951136418]
10
[1091748956097528315570996586080921680075639645386930752971778273936422299777949679735239862774943756372696463434362002758103934967413519991034528158732203634701318692660817842223273556749075337710295554973838919935079828046923011040243989389494821705536273083638892784320947197066110521886966775729938226461791, 4673248633330808545381967930246395734072869943654753114524704297329894071059103424738152763681779621538554024024725142604340791075433229953716999111415649023514415102046500431013869537829309432262252562692028043483571640057245103642881284037383160813967061743435106922963959007714858715049673790283057260666865]
[6458457830765469732491765043391847096782177056309449836334620945745324924441127592976500781435642115852478815002931300734130764460934472990756063002135473350882012371611348830428352459455142272478295394576777858442886768192958996345032433902637654900922686859653245024558144578024877183390669281151739328346494, 496022049558649314611095816146626233351903656667181194217956910397283240796474185551933912358523883695278055127658797931862501759585418068216985407635663214388552059250463091244093510331526500830167387432440784946723198227221367332972428890398446404237509186169928443144294800971093142453474036386110165932055]
[6587832109917702005381037274372746437478366455605806623045320927216751677670606976997981193900170666476073727290036290692182894431547415252519022573586253754835050803285948936919702765408893399532180818876016174610544007918093752028579401328909199106249884660006693497938643640264558660533888697881236691276211, 7268901870251318512145565625780272524294248516545534403001228279090791450615130085892161827758167418612237567278014488153893381358108041938122214787306126918184086970111897279782960585811368735786279202238090296427465473689069608324014265265907556815667009372063710395054515583115361602626374900648075424138474]
[5501258956774902218478025515540907328672423710240492885111625519388353404954624213446259047927194847448210199756724398322173043711927161992294302461245230021087145349725825446520373547583927605246064176012439333042193476421858563001913664761357637687506982804025795782450636774678121492770138290477796095456235, 1268787825134891379336664924872665720176927926785598087379962356653187161310653577820509999547024176810829964702490509179865970148218202628412058376204961608044419153848180236350453605106934671859141928853466320727180213404588149221401718243235361585633981924538902206086557831063752592900212458583104416262985]
[4622172003923492663146173338938829236344294365055292929498391859495222364099116188320450447407680796026743122432528215503584632071220491582116593182137636599145927373608159796913397299344295303674618018071455765627752461031058450512612687835957849117464793637234313360270730483121473644877060433071973241789056, 4143876003771270704316741311504920123843455968017492606852731584924774955552130208047784864377588949075391562906882494968506671100095726590747503790460064545874491650331821008374923043345182905751741568576233467805541117806760040642248897860374728880034360135592532274986839212286079869624666989101870076864380]
[4248032140363596529282522496611695528028227144685636967663685840686047705274269720293624690592326810575386688595025108759498952006290535419061889090266863397896176648631094525549266303812850178658691634481329817543029394615137423868976071357989754363904104566208148204271816359575800090656514324639604735244318, 1247497206685641700381211810052749533816410853088003685184369128959142222778476953577258288075061947355553744729076236925675171715798935616165372309424270308172662454792840577370882955368713088650626510174009470055452653894493630010740934340751728884262163398045839761083522971299885961294032612947605210659038]
[414050146574552112656748468855812120540322124767240378134683853657307510206717711208873407669987431046422228499185562690929411510814476471012752777405277603633472786570773208055736293580751625755310977806270867181596424572184864190612295711393611225341104981891451539587395065444581896970885469248725377510403, 2015702104272378961145309106289934695451474822076070610760231407614953946376654195241178387201536269652263512696611400738530440968113942331564510434590789745878462533140485826569008406748551834522504748559542776259017439896998310151066821920759055809263078929259216280603618149098487419542302111127990602337933]
[180465106476833979019938033663152610346619402908603656076147838607059442631842271197060759922422193439086218483282090310813866996487132669512569019224771672874556879129987808629408146638104609444155371319588990757795140784309311192814124703253628360501081378083162825502543099637468652996520646723200811674172, 5466795826822196599989848987186724104971799960581420825470286060489952361050524875141297007781780534877242547505450154286662957888082800062664899548833661638511230194501020172208570163882524104871243383490641320049883175104592687683923889625134924506937126830359578279295506828579414570929263929762584089624793]
[1438503825736396262069146703701757739209729701684372296476940992118274620262820531500313802970816239899267025117437693912295434133254746761601832897739639980194046111995665585013213667695533153278188899807587686637518766768037412900379456055395992762061951939021834440502925109790140941984864913119492415030309, 5094772481189097643085305781586223928189573734519969441040877351962660433463413964567584063252350781083319809976046258271156043657981072546821895428178229144272291929698037736405389305927966053410836841346502497928339926586041214757259339865256220463928574094093482504378895624417092655423129456077612580967884]
[2156077142332352955489660121350758485449152083222551936302379259806749329653736179410892086244450115238653319759023345892781983668554430899186995128395026029861159002495125835632726534897888520391558794593886875799734255293139293425439540432439080924841053175842343431937633688669364283268426339958915946642017, 4715594156206505683355955282959627307296436583028706815817330158918714466066455418205405689364115250190667066881847074394698207965993502590612990298759911537850500597950004720788873784769533870541186448603853727331344072999443355452271433669036412765975159329673242701098217308832184794711630307227114109031556]
[2468203275797224914719514423293623577079459074940210368088870218150837340109664711781947274235244113459240142976254420951035255283755149720453503062314906142452017137949714056771398985378439088897383416991462971323889976411544893548769489145444017126618876464157182786097715711959784786952761444848199268508601, 6065000290654365008807370331996844570483046229203357767882805060272535439794920789215985392263566740585779162492110446551586398447144500888647936788360257793899740978242510948433587887956501314275202231987147171156733835069848945944814226545161626720871596681146755999557801097149850808059706888415314100578135]
[6616466857903921058614312161786012214921834443529035867743275890537864374851053133096525921388205388995095668696748205693673529559847472433153278282101804290137305133444792319235087807113167798347834644247810420011837468228796838499958324523758819402077340053941220097728243885009967706933164812469905850384861, 523253007260963996868250040886843150300877424693419506648933577805578008959068970603832135871671069625893587283441255204726899744087684841397278246999397149595226069134009783292413275643688099896827725562088793656568904208623960436937236625637473869372131605358919103077117634678049788100127352733480465100633]
[2318532622308398475602381182882901121632411636576392530009884607715867418540820078745091309675976945864394290541296967228661955002822036952460379907933683973222475529649168956588320002278832797446984101609746600863379342984363534769313332289327443585692385549210058150442383988195292772913940902408914927586146, 4864758969905263012310058521938912071090216495800189498767506090007626334148981891942961858698575602335481833404410711765930222015259142048137717803975793364046279895451069135639628663304080176659515881021307802131310660036671964889670784481250480810319455486655436558444444303977054302247560632477405617742224]
[4786300050781432122323768899658889482449931955012151234913919997187685337062808885393889754412186545934804859124252320492805970539810143615594716666665028334040518346538985179649333760575725010448186109612938178416049491658167927628660138793665837091505532887251803357036338160533496539612348915381303089790726, 732662670593729115197522459469171866648551190568005626771060393124262211843330998105118982217246747183084506032190596631094286329899482577317095121774814588948852759678239486418519908329853415766873830039443836455445286204563388585732638225357126983111533661757328660958550532789118010892245397421604351362350]
[3191433973220832013333093310658437217430293169658833061003538912936030593694572335381856880171467175057322878535637186997149817599702843922571825046378318199138051804281561206924586206462900494978094727690984825980744455558564623133100070316264904310407754609442381068762705906657978356863184286800880245959633, 6612531049301471724271112209073349078554907003357749781706115868144886032943159112065956154731811838990092561784188877362821531570041081330428980722036839645247032113988841369286736528615166149964655929216456739278608310602112042087805024444642336813074706321211094184085542138781645955174382338211553298028229]
[6626188240008209391512935262674290094877014830632078434072006439187177499405494298078638619008711611779683382252929295354476093664277066575403300229031966173576101941343696670561950954928970936854873843254407615952489058749318280780230370269099420104080761758034920443070337611623026727604424686169255527548979, 1794582191685732427981670006494643802613402998540970432551252638903056969727325408614221169406254486929588079752988447611190650917245679566229125538145409898604024310715901266602109975655912824751395424417834123514914375508503086297080879247292980169995226846785677817172982184561600780223003414313183881373880]
[4254039315409087898315877150102831226395414781234870705001713564981117552168778145058304270517975771232569120915031537917602374297149363800289362818051935050162140475274263800862260403059866309013725507727477631378550860286285102733823238028605386964968572743854543353325487217648334594602273378646361292395444, 886754205153716859384486793286328438765436716532555495871002308680440367765310939790527250012551286519236508730108584404755437471562523632130695157128371218344319397658572918524143145315658001488308091052739574615616001256977059858218475305858561215541746831209950548248019208620817046811965588477339591198613]
[4918283886328339051528528226619635735134984042619036777401361622409073804230781479307412462832712156905086472802612275349346426486634017015149955454641370379085477020386917228961737336858867637594014013165931787195161564088456065858698418891778326331573813791620857475396415696059342810003152140902782748688400, 3650817691075185598555845022288633559756284546305243258166510373540907179093954749674778403733035636060761917607327010884611061972558494651519686720729682394710382611585981510746045157589860269247252213490082953964797193391328866481936442353368857366019698625337714717540946467925770769800123361057584888612574]
[5793668244225785562466384701397072583469424084207878722613872079497544398108552785660854744348176654439021589737573819067140092253799298399298043782411676135569644543266131403415065828574861914436029549505281550827072584468412808222189464640925910535774876916958612763242271912042381461833734260826259611146474, 696148076215870347035068342872348342658373739087075931767735661795250056508896892331677385477447852269922067010619786832505606736528885104284030146191492998461396998616464363243869398351553890996516335200441719594810941765399834552951877848128655887606761851753751770130526646581877850578973118575060614408078]
[3504869633227443507185559929607512422882557667468869640537246343770627326731742245994632641989327327128356308724787928295794147115541167418183942515057068440299294201887508011714415007481570250066177190895113475591478787695888427100578980561084328785504975487449054158412428586940037427021288645183052204698845, 2172853338057498231086182143781384006044498328286230037546566141476571398270239970235522992719837713208125321235421295925858976836971159825346620716230907508555860183688029521932908012934042341552483071908685575957046447761724378992842124249711459058204462491757642511233594654959329847480763878912181171734606]
[3686146007083637876915829849252925560318327636092776284430762272891649023944129717782155877620703496675106394880547039982223380906594434665298313231818217456883101217240211001786541827238751855399955579610931176279148646780086172401750191052894174654104154163083215631130892371876230422321543974896555946963931, 1436748683280866995855321415968074451535843483702829743719572086783825709986983783924348857619849109162608009547600471157406373578103218329266570638374554816147910899008832592578479909559118408961766451318747136940573316111332927206058256706328456029954744528468854643811752478517108405070270689528735425462524]
[5377877542901320026209323994959923295229058242053423817073112236211513558899028313297696209824971749783654386086607745191189201366913862397557202336492537872921701188143168287157832520497586658262571873929266391598749667723647659276814114032669247463346870074703065023930565408947178742253266212839062237527702, 2283653171084644764174272198092358167303101230673440657640469527028431149657431835480471869977899196860575726417914199125397353870182057603392036767213106996180463754474041604151396842317397122066650034302261012740727105618590517696806859616142104876282305273374203064018613851477736018027405673762555566556128]
[4583119235465706157597946922041251710869686740654184311896035677931656684776924469994452626289990201909672527166849811730661578422349897326020685415663071602623433757082381859009311259350189091293797692465213983812686264174308043717530685103594555676893644779837433597122908203728171191594152329838406598099281, 6724050666880024251714870844394955491712313352391570633915037629853445956570490355941490001391405648605070167441882988733553056406402677884650928155040913887894284589920687877757842681958067325423905973710781977242492953715731544918089536014675073694390236204470989598320863861650629944035394726642984260260856]
[6048863345403320249730256092253173555487851228624444542894841230744944381146169003898644167332106936091154947073762195343335329634411416171352148703009075794429008329699971734703852896457918574154319148762365375991043661830771917511625787228493760533787269295649531601950971603663897647788501735163235077287971, 6998273874653697386099688282473836717320658953788917926156751340052832016211295815122688734696259618907276733533841232016030617069292178023728073490524150532569714951370396229121828127334303719699390108231125025659844943899718326688879697313989443969097413023255450446174563171284306461225260839664192980092870]
[6979149536665688364817738733344941363538069440843438778227268084665305018456776601597872566289405854818925239330691628600429639644103501612339466390061491214238545766641340480369056229875535512016646761205113949361620723399863659716518751279450348156316097042525729744447187630163622003015621022257250087910748, 2976877657706839477160063954984239937013974906942139317601434131331542822110851994550912406021711056568749222116777963535766718121357918764728521407777447836887932227182542601817160345565528597399275442800446207181603576569883095691483950892288655667341501919971939232609242666145855463387496880105545104878125]
[2780899794913842001431070793072381286013107342518584958516017755068819677452012752878142058449140426433602242866063451105767641087134355932450335406643225230235290629821472039648894379895661015155084029149443562887280499524301957926275094897934956199647514146413464035805618417748562770288281495409392948774065, 2409806465704864862678615288645191598753042239315308404631680053247833401745507479727235319377917584425171910787049289092708263396786236394759859815403766695278563084687311073755931217172243360432083070029314425719377115052791033600772203676140014856050881867345601605464937399768057949388218528006649021222245]
[4614873973302091390557311754737593496628352326544690653177923864677791185047698040083821581427503209942604876262886453123756703440094151144972754756063421444024334775886228793308622590710996636979408994893561109548205477317773167698528231348447359968537133950388993737111873505852172972578793849532973540602874, 2348926340911178852853848892834531888706993317399329720130959333347040323417736649813726734579346927120831170789291909505121256857545828966860643469060692832660489453997067718135131581199620076760204670056233211031870017523943268259626180983169681977957222658223629959699713591057708723152111080390954404547191]
[2624802034271098696461899570354032645769536874260903581693224843766179393736582873882229111040696154399440072852194051344711687461730128936350399327559612748329713940930663524610778943108447446191378842592985543531264322895632668014251391393632989699029171358948415435700822963824029912086174496795023477912868, 5392845563282010755039754844923217971239822270124256520878455793661019762142028999684052169606664586116677214674290872005096066238410997444722302484733057108587235271382364720726873782376132973124141907694719867562512048652767726760010937646871379843506101247047481029647359373640843278337983713745728269114924]
[6075234719826829200672153236543126093814892859094630693490500194697938787029752516377703883602818422542112184728388258149237371565778907027825667477347242908000807265310340906515054998040425709103013223939002716167099008176465064162560620603146609152559708964078336187348005497307887693363552436167873032181805, 6234086674844464999607556384950917538812713599427836309837920897231977555493945493498950237864450247663812638228540702741743057603156169423540912552969885183921432087387101350245980397849203716776966268869375079523948132527832991793620994565641007961565187262809105568309411615124770730986914927635181505156078]
[411988889095600590151244027737179867542745771168901148075893045826807679302303865829713850893654830942278912116049070644744100675958209617455808214158711713481149500841765133096080079118309495860526868686603701597146022545111526641841544441693378955469002433975666693898636134403342306219700806372439793813369, 5042276576638821150041462969443655464106512834323520234564149501915167330269697617683232282972464141026993096513353764294183257769344959954845980142274464290503142972703195141029423860131357283472899438099971373675529780088042819164927971115377124871263956698427235414679629457240721013914168548278543530327157]
[4909629801741486298808572634440341868881993676859112574472425080000860634101781645509898758163585669809045076583261074553662846254564599999880285062421635606944335743005722974795665772425520394193049428282735759883760268056404812008359165135547806150678096048371944316802108805914384681614023216900191382709813, 5262201001390715383951111310761422355611430943968366728485364831726136245483983043970813716814249223797779691272309300710943696732628406607626457595517005988398159944002375974306792920984883008193596800841202273568881455003041155115863957746243308708646194688108010725574837077163728938417672463948398746946394]
[2862168526105035903263720048660822260265834590697343739367640858575163665383413454485128790499195940894644614509981893825015950719813195949192454684408588484729591389677720222591477565440720996590870696898618230784646216842585649752073715027960712245646618274887631494971337945079087001551853770583650697792549, 400798860781065235098948420489301899736119987964348202008523253358694472050540598679072804145838261762746668735656795740917049190789319217205690413723008588377088836590034376650735740512997354636992639759778330537156618173391317888917254595561797113478075637827396254191961279044110617380672335046930852195434]
[5679874669916002633970033022614003979828188511221815415864687798610796521050831668030170237685832886117412047922753259208424578767806056439310210635256309476842719993664189444952167256292434078489490172962805576046552690980392819138778713390172340433723199434580668748339959741169883688024536746770298167916198, 5532137039862970332387057939715856980900627942649891849187522407494574384960568990649073335399773180555622963957892477436250742839894933951239532130997529928062714369438746220654143837200771406330964698968041656452359693785457852417704550597733025369992964583903394352905787045669429138178258165604933705758729]
[4583490551215944109459837127356140147649328399631841674914657339609775690117962727618866857821203579785080428851628915133274510983979463831623347576633737017611100436344391404526319435948346461606473412908936129520231212648234539710135199209983252857838346994934451546668727631539346982339047520211918026535400, 5921778253485267893961457817281479679084910185250673303976536081568775929600977217372529715093641899183552985726487097792009496233956352740703549574628236958182634234521359500349902813983762667290755935596730323489103526956938471428242868756036216191046380660835988080161869331969096737242225065721638332543379]
[4193617498323347307921554406121944239064189878783569323389725278901586916652687740872164727684738092660929888997741068230341535453467954673966569974628987536256605399848002724902801179025457079257668506039476081203307310613551565943877568340517723495694819185275425304908428408197434325154156402335985008542796, 1694879908420186541088502827319007785946371983164502038539850754138709910218841478585802393723170649086060049594086687378661621602780842955442658047296628795269536843120714669990832469472004931899678316770546365442196339838371598752839897435228808760916941229410530231901138960712656536003963396231890956540902]
[6453885074362670614286301642662501585418502078969310498362627653091138991084339730476762634124700550115104339521241826376409725620899101265919653788447182740587515078882637523130097543180167089746357444857084225246307237718928540720489777609315954586450808608566730790298575307761682876438648705268008967649556, 4995120838521105123761203765514717987929669974803051379152300155374091391291724671226545649726474474963148309733182809275355423613477007025908485683945922483849101245304820542092801119263169738584153157724183001175933853381534824804600371797979690287089867458450238218208217756956979122339447090752469281212153]
[661545190655715867454633392427770085651195125345305345559983989088913535268115043415753650251529097409500708294934598585109323762170398361919234416434673204376059564365657407922456134291422073769881154276322857273550214565188852842537659406273880704300866278705195295163039974724166958754760755147642985570758, 6913150181520825343811236501843647787808649357015808672720583776793279742098815320821789407051484659594287756511024414622739587349440789027568329622653450862889641646367062648960076645908289803720462082969391492510955302356233075239713646939988751654291703039519255182224448026548407395411303176027323542362404]
[6611519100441067342325658917455311725533163427839232566337993135035544988504583216273856385623828435301369750143462492430920416550801549421746691243379214500397303394597566772180509643709783930133019195084406565381672699470218832465681809566218677918553619730410388628147577133697003903487587033510461014685425, 1764104578421110363916711604601297087004610906281544921678059788478870507344014719409121292659297105147123184351228533421479055189166063431286028542124164208885112578172786785028221552604381484611743896405559291369997304957242115065451734776208905482390288602655989534975145489963869054532388000527735557750671]
[6107866272230524863850647842230591955871876927820299242840914213465437077155611912240704351866437181480981435502235317593840780164730332425925437908606113640775000185652209323469862112223333713595486451123889667260135982685901572245209641188435452073589088227903674466839139954597227786074019817277177164871136, 3532049622103509364373825253828567354466749668970396013287301194535512995934823471066601916789806755489745239545637049622170439878206432889896450783883552616341436653508818074245301842078989588449884859259715085667252116920287810287408452465175506208545472386024688945211467571579181375095430528320760228843097]
[2173836316560524689408298767750722689874495816575674475248485510398550580141655735840505739258981925106067920596161151117029920330306220028699705209550253252757273586170856303827878731319371140219708079187548294623959753635353190923010814613980870567151981429791330126244988462883016778098499664314039896355623, 4927289020773545511276224124893661190854555745568896813994860848532866699404261915603019078228013175733317426211764681174131851348293458652297671789614298698924200555630931245252789545272563878049151609860555140276907136329605625152224026034366991005772221952310405029345636750398576034389890823589829453114348]
[629257567002019052477542594647539961834493415516034143412094634605535543398510412506259933232242555560781268862734900761898723633590005721181173761820934037915999033048517274625262400450895457304736218110827475564355805819593453445533664322811530028717110375021749453402937402281951175749132199453323701230281, 5881316604252096924227178166401826864124248240841785362239293787471056690028606703208226423887039935520290005855223989551829546623134604678647789117133194671343911913565458509988328131090941958650295846432905038628872770277784076634095215691073165852337407233438668596624114338571760397812270352923855363298696]
[434714515554508396181963808977773826487294791393769537584124551397338865990177505941432482954561899476515409916015414965788307625020958137309691931175789664175888014537349904052876846194707584929621474150736343241268561770430395745460495252926373055965743346676538216802182396673680301529917891352096235291258, 5091600984120768206261624252309427209201782678988158942993603843794640367553322191011776860626883069670353592829890308141179020794690846584070151135384094696029308786646929086398766847353014778732815931153699852157857910952805410252933048819385586795657101571158626870744145780988633160028043695339711850687460]
